0.01 0.12499
0.01 0.496964
0.01 0.521644
0.01 0.82857
0.01 0.221779
0.01 0.314219
0.01 0.592043
0.01 0.442533
0.01 0.413682
0.01 0.369899
0.01 0.552992
0.01 0.505273
0.01 0.226138
0.01 0.0037489
0.01 0.507849
0.01 0.154692
0.01 0.429631
0.01 0.639441
0.01 0.606139
0.01 0.83278
0.01 0.510955
0.01 0.00893163
0.01 0.625614
0.01 0.109241
0.01 0.37496
0.01 0.533537
0.01 0.808184
0.01 0.838127
0.01 0.584849
0.01 0.0204644
0.01 0.809095
0.01 0.204755
0.01 0.242103
0.01 0.375158
0.01 0.466989
0.01 0.537047
0.01 0.298113
0.01 0.621288
0.01 0.445828
0.01 0.740677
0.01 0.787439
0.01 0.0236279
0.01 0.984933
0.01 0.203616
0.01 0.389387
0.01 0.70068
0.01 0.516997
0.01 0.983833
0.01 0.39036
0.01 0.199474
0.01 0.50415
0.01 0.313763
0.01 0.00913237
0.01 0.3475
0.01 0.568575
0.01 0.977912
0.01 0.0173892
0.01 0.799844
0.01 0.336367
0.01 0.919506
0.01 0.216917
0.01 0.263422
0.01 0.982043
0.01 0.599009
0.01 0.319591
0.01 0.0484726
0.01 0.935416
0.01 0.187223
0.01 0.120176
0.01 0.766791
0.01 0.34759
0.01 0.985801
0.01 0.449335
0.01 0.232498
0.01 0.536366
0.01 0.860081
0.01 0.320546
0.01 0.034322
0.01 0.625616
0.01 0.492422
0.01 0.663541
0.01 0.458504
0.01 0.967115
0.01 0.608378
0.01 0.191195
0.01 0.337005
0.01 0.547768
0.01 0.989955
0.01 0.18342
0.01 0.258697
0.01 0.35148
0.01 0.385257
0.01 0.64433
0.01 0.404691
0.01 0.738371
0.01 0.503055
0.01 0.361591
0.01 0.213898
0.01 0.612278
0.01 0.471001
0.01 0.568941
0.01 0.801568
0.01 0.725364
0.01 0.985617
0.01 0.12739
0.01 0.0297641
0.01 0.701266
0.01 0.553819
0.01 0.901353
0.01 0.408326
0.01 0.992903
0.01 0.547656
0.01 0.249423
0.01 0.00963624
0.01 0.736654
0.01 0.982622
0.01 0.617247
0.01 0.428852
0.01 0.99508
0.01 0.803383
0.01 0.605934
0.01 0.256069
0.01 0.99026
0.01 0.624245
0.01 0.59748
0.01 0.00994401
0.01 0.730867
0.01 0.131267
0.01 0.0141476
0.01 0.427785
0.01 0.223603
0.01 0.574287
0.01 0.251051
0.01 0.236472
0.01 0.990249
0.01 0.881401
0.01 0.019314
0.01 0.603752
0.01 0.379551
0.01 0.968387
0.01 0.252873
0.01 0.666137
0.01 0.82855
0.01 0.803694
0.01 0.218957
0.01 0.64421
0.01 0.392429
0.01 0.816171
0.01 0.0127481
0.01 0.552923
0.01 0.568706
0.01 0.989432
0.01 0.410751
0.01 0.198417
0.01 0.675301
0.01 0.76836
0.01 0.127936
0.01 0.391109
0.01 0.396248
0.01 0.553498
0.01 0.88207
0.01 0.305069
0.01 0.986239
0.01 0.471595
0.01 0.508744
0.01 0.586818
0.01 0.816581
0.01 0.96209
0.01 0.709051
0.01 0.195593
0.01 0.989035
0.01 0.659098
0.01 0.00842318
0.01 0.027914
0.01 0.820302
0.01 0.974852
0.01 0.0219962
0.01 0.556731
0.01 0.23969
0.01 0.786252
0.01 0.764385
0.01 0.302611
0.01 0.895185
0.01 0.419043
0.01 0.370735
0.01 0.606758
0.01 0.522954
0.01 0.875589
0.01 0.471933
0.01 0.0273353
0.01 0.867373
0.01 0.800508
0.01 0.365277
0.01 0.202771
0.01 0.550238
0.01 0.976685
0.01 0.432847
0.01 0.311341
0.01 0.538696
0.01 0.396721
0.01 0.642225
0.01 0.455194
0.01 0.829813
0.01 0.662445
0.01 0.342474
0.01 0.252958
0.01 0.474177
0.01 0.615971
0.01 0.092107
0.01 0.00844354
0.01 0.297846
0.01 0.286431
0.01 0.00998474
0.01 0.22267
0.01 0.730314
0.01 0.866972
0.01 0.0090875
0.01 0.00688405
0.01 0.121359
0.01 0.944731
0.01 0.0456954
0.01 0.39969
0.01 0.859339
0.01 0.993721
0.01 0.757636
0.01 0.365397
0.01 1
0.01 0.765959
0.01 0.252029
0.01 0.0294452
0.01 0.800749
0.01 0.528189
0.01 0.0389821
0.01 0.00543956
0.01 0.611207
0.01 0.933346
0.01 0.363864
0.01 0.213796
0.01 0.851275
0.01 0.889318
0.01 0.0544638
0.01 0.694258
0.01 0.286108
0.01 0.987424
0.01 0.361375
0.01 0.568328
0.01 0.453791
0.01 0.976261
0.01 0.3321
0.01 0.8693
0.01 0.668819
0.01 0.994849
0.01 0.0205432
0.01 0.287688
0.01 0.389426
0.01 0.966381
0.01 0.312809
0.01 0.414404
0.01 0.497423
0.01 0.572414
0.01 0.183897
0.01 0.31018
0.01 0.850907
0.01 0.985009
0.01 0.438241
0.01 0.135079
0.01 0.576406
0.01 0.270451
0.01 0.511638
0.01 0.257617
0.01 0.661751
0.01 0.594646
0.01 0.504175
0.01 0.203012
0.01 0.875982
0.01 0.548195
0.01 0.0233445
0.01 0.0163544
0.01 0.232704
0.01 0.17139
0.01 0.195802
0.01 0.53433
0.01 0.777758
0.01 0.988443
0.01 0.413079
0.01 0.142393
0.01 0.57093
0.01 0.553602
0.01 0.733453
0.01 0.60054
0.01 0.886699
0.01 0.839799
0.01 0.841529
0.01 0.0308692
0.01 0.958615
0.01 0.990132
0.01 0.441195
0.01 0.834455
0.01 0.497345
0.01 0.906776
0.01 0.150527
0.01 0.551005
0.01 0.297293
0.01 0.658804
0.01 0.279385
0.01 0.359405
0.01 0.457424
0.01 0.622829
0.01 0.676994
0.01 0.51762
0.01 0.989138
0.01 0.879298
0.01 0.18109
0.01 0.376042
0.01 0.806586
0.01 0.602336
0.01 0.736529
0.01 0.872169
0.01 0.823896
0.01 0.970151
0.01 0.209458
0.01 0.575334
0.01 0.487176
0.01 0.947276
0.01 0.389509
0.01 0.316558
0.01 0.558011
0.01 0.588312
0.01 0.557977
0.01 0.712825
0.01 0.822588
0.01 0.881623
0.01 0.0154991
0.01 0.0426218
0.01 0.302864
0.01 0.559007
0.01 0.623035
0.01 0.739303
0.01 0.937437
0.01 0.8734
0.01 0.732396
0.01 0.199674
0.01 0.920747
0.01 0.399989
0.01 0.406593
0.01 0.299303
0.01 0.617535
0.01 0.477315
0.01 0.80876
0.01 0.390597
0.01 0.994386
0.01 0.659292
0.01 0.204524
0.01 0.15458
0.01 0.380924
0.01 0.393366
0.01 0.450798
0.01 0.0126728
0.01 0.597616
0.01 0.595622
0.01 0.26323
0.01 0.0328022
0.01 0.42982
0.01 0.322695
0.01 0.530108
0.01 0.700681
0.01 0.619673
0.01 0.803971
0.01 0.817906
0.01 0.486968
0.01 0.995078
0.01 0.707683
0.01 0.267655
0.01 0.185203
0.01 0.447888
0.01 0.446167
0.01 0.0653299
0.01 0.181515
0.01 0.352333
0.01 0.688909
0.01 0.500459
0.01 0.336926
0.01 0.645981
0.01 0.487468
0.01 0.0535813
0.01 0.387355
0.01 0.2547
0.01 0.640707
0.01 0.204941
0.01 0.0152241
0.01 0.371304
0.01 0.462127
0.01 0.348423
0.01 0.304579
0.01 0.767683
0.01 0.811834
0.01 0.520318
0.01 0.0807169
0.01 0.632774
0.01 0.177851
0.01 0.84117
0.01 0.0582858
0.01 0.991068
0.01 0.280179
0.01 0.166448
0.01 0.277564
0.01 0.474596
0.01 0.73443
0.01 0.488551
0.01 0.348019
0.01 0.740306
0.01 0.554994
0.01 0.418953
0.01 0.0371166
0.01 0.994263
0.01 0.880311
0.01 0.529548
0.01 0.00997476
0.01 0.967511
0.01 0.215398
0.01 0.546977
0.01 0.271607
0.01 0.740706
0.01 0.494803
0.01 0.155615
0.01 0.149996
0.01 0.598149
0.01 0.759948
0.01 0.36636
0.01 0.687756
0.01 0.682018
0.01 0.837334
0.01 0.0085936
0.01 0.0571137
0.01 0.177707
0.01 0.724357
0.01 0.221451
0.01 0.616955
0.01 0.575196
0.01 0.978235
0.01 0.445214
0.01 0.784217
0.01 0.978616
0.01 0.976182
0.01 0.700234
0.01 0.339492
0.01 0.830057
0.01 0.676489
0.01 0.200568
0.01 0.00327679
0.01 0.810173
0.01 0.817082
0.01 0.00270137
0.01 0.262999
0.01 0.812587
0.01 0.867142
0.01 0.00368078
0.01 0.361976
0.01 0.987949
0.01 0.831407
0.01 0.474841
0.01 0.506353
0.01 0.666391
0.01 0.866236
0.01 0.160237
0.01 0.315133
0.01 0.881005
0.01 0.750908
0.01 0.00402979
0.01 0.298385
0.01 0.993444
0.01 0.684175
0.01 0.357821
0.01 0.164449
0.01 0.990906
0.01 0.902469
0.01 0.696706
0.01 0.26379
0.01 0.961821
0.01 0.794471
0.01 0.215974
0.01 0.141933
0.01 0.9965
0.01 0.745627
0.01 0.128416
0.01 0.297056
0.01 0.303269
0.01 0.926488
0.01 0.25641
0.01 0.452413
0.01 0.595503
0.01 0.597439
0.01 0.697967
0.01 0.188573
0.01 0.809469
0.01 0.958777
0.01 0.558416
0.01 0.262753
0.01 0.99063
0.01 0.988947
0.01 0.0278544
0.01 0.268774
0.01 0.506411
0.01 0.997114
0.01 0.554535
0.01 0.277833
0.01 0.687157
0.01 0.408898
0.01 0.451187
0.01 0.102827
0.01 0.994644
0.01 0.978066
0.01 0.0346373
0.01 0.0514207
0.01 0.403349
0.01 0.98503
0.01 0.180554
0.01 0.387519
0.01 0.638521
0.01 0.64974
0.01 0.0145998
0.01 0.267906
0.01 0.890202
0.01 0.807562
0.01 0.00686223
0.01 0.0158239
0.01 0.534097
0.01 0.906552
0.01 0.011071
0.01 0.105412
0.01 0.781421
0.01 0.650074
0.01 0.868426
0.01 0.40906
0.01 0.995181
0.01 0.979551
0.01 0.0258399
0.01 0.703877
0.01 0.137487
0.01 0.819532
0.01 0.176528
0.01 0.362883
0.01 0.950963
0.01 0.500176
0.01 0.125072
0.01 0.313129
0.01 0.698437
0.01 0.826051
0.01 0.852318
0.01 0.905115
0.01 0.970324
0.01 0.990195
0.01 0.193746
0.01 0.0275277
0.01 0.398427
0.01 0.230096
0.01 0.676726
0.01 0.773755
0.01 0.763758
0.01 0.866419
0.01 0.364915
0.01 0.136001
0.01 0.682919
0.01 0.483183
0.01 0.622398
0.01 0.329477
0.01 0.855566
0.01 0.512184
0.01 0.0371744
0.01 0.290276
0.01 0.61537
0.01 0.510415
0.01 0.00473002
0.01 0.149312
0.01 0.645899
0.01 0.701109
0.01 0.308296
0.01 0.303971
0.01 0.46694
0.01 0.444634
0.01 0.00648997
0.01 0.356892
0.01 0.168228
0.01 0.61909
0.01 0.0251718
0.01 0.48961
0.01 0.617757
0.01 0.746655
0.01 0.55092
0.01 0.175261
0.01 0.719759
0.01 0.64034
0.01 0.501675
0.01 0.832158
0.01 0.694046
0.01 0.993743
0.01 0.54029
0.01 0.564205
0.01 0.704813
0.01 0.746737
0.01 0.543309
0.01 0.0270512
0.01 0.992929
0.01 0.917901
0.01 0.158261
0.01 0.486269
0.01 0.379497
0.01 0.641698
0.01 0.562154
0.01 0.570167
0.01 0.879772
0.01 0.899546
0.01 0.174864
0.01 0.239852
0.01 0.99461
0.01 0.810727
0.01 0.212337
0.01 0.279506
0.01 0.327282
0.01 0.528593
0.01 0.61852
0.01 0.322735
0.01 0.963469
0.01 0.884879
0.01 0.090435
0.01 0.288347
0.01 0.424913
0.01 0.62472
0.01 0.00934556
0.01 0.395856
0.01 0.416361
0.01 0.792905
0.01 0.46256
0.01 0.636997
0.01 0.966583
0.01 0.956495
0.01 0.0101555
0.01 0.631042
0.01 0.32797
0.01 0.774797
0.01 0.630855
0.01 0.0232975
0.01 0.848392
0.01 0.957999
0.01 0.005349
0.01 0.155536
0.01 0.642415
0.01 0.878226
0.01 0.339842
0.01 0.226224
0.01 0.677877
0.01 0.567175
0.01 0.292927
0.01 0.0308102
0.01 0.657393
0.01 0.805079
0.01 0.0140963
0.01 0.0185102
0.01 0.647689
0.01 0.723157
0.01 0.562934
0.01 0.513982
0.01 0.713176
0.01 0.656559
0.01 0.260967
0.01 0.230328
0.01 0.701917
0.01 0.797032
0.01 0.322044
0.01 0.00780371
0.01 0.677364
0.01 0.333165
0.01 0.29674
0.01 0.443937
0.01 0.482141
0.01 0.63797
0.01 0.397735
0.01 0.401742
0.01 0.801283
0.01 0.554138
0.01 0.0202601
0.01 0.162231
0.01 0.487806
0.01 0.910809
0.01 0.811844
0.01 0.178028
0.01 0.988843
0.01 0.422483
0.01 0.537985
0.01 0.00260987
0.01 0.974382
0.01 0.525965
0.01 0.296696
0.01 0.69019
0.01 0.48271
0.01 0.883601
0.01 0.0104168
0.01 0.0214624
0.01 0.987003
0.01 0.510035
0.01 0.800918
0.01 0.392827
0.01 0.988212
0.01 0.583295
0.01 0.00738309
0.01 0.478774
0.01 0.265256
0.01 0.646182
0.01 0.441508
0.01 0.403076
0.01 0.991213
0.01 0.661061
0.01 0.357889
0.01 0.28808
0.01 0.753179
0.01 0.635157
0.01 0.267571
0.01 0.101271
0.01 0.884176
0.01 0.885796
0.01 0.132076
0.01 0.400715
0.01 0.460086
0.01 0.76519
0.01 0.352601
0.01 0.383539
0.01 0.607252
0.01 0.563063
0.01 0.167615
0.01 0.461023
0.01 0.962059
0.01 0.652141
0.01 0.00603744
0.01 0.383678
0.01 0.30277
0.01 0.766428
0.01 0.00566604
0.01 0.420427
0.01 0.423057
0.01 0.987798
0.01 0.759852
0.01 0.161129
0.01 0.99226
0.01 0.753696
0.01 0.392655
0.01 0.636443
0.01 0.96979
0.01 0.827638
0.01 0.285789
0.01 0.450814
0.01 0.490208
0.01 0.945782
0.01 0.648402
0.01 0.561647
0.01 0.808893
0.01 0.786093
0.01 0.686162
0.01 0.00827014
0.01 0.901489
0.01 0.158094
0.01 0.0172763
0.01 0.128821
0.01 0.986222
0.01 0.777438
0.01 0.234018
0.01 0.183248
0.01 0.329093
0.01 0.280087
0.01 0.266548
0.01 0.237635
0.01 0.537114
0.01 0.514883
0.01 0.0116922
0.01 0.528151
0.01 0.98978
0.01 0.86802
0.01 0.368267
0.01 0.791049
0.01 0.58517
0.01 0.990766
0.01 0.0103437
0.01 0.526916
0.01 0.157639
0.01 0.789188
0.01 0.501778
0.01 0.579678
0.01 0.630298
0.01 0.692977
0.01 0.278844
0.01 0.0136922
0.01 0.795206
0.01 0.895928
0.01 0.0109044
0.01 0.00958598
0.01 0.714479
0.01 0.675172
0.01 0.337878
0.01 0.446143
0.01 0.666846
0.01 0.588145
0.01 0.20223
0.01 0.51781
0.01 0.517348
0.01 0.689687
0.01 0.422974
0.01 0.0172882
0.01 0.759591
0.01 0.429754
0.01 0.106332
0.01 0.0107325
0.01 0.881119
0.01 0.591146
0.01 0.0125791
0.01 0.352278
0.01 0.474505
0.01 0.651607
0.01 0.520995
0.01 0.0240808
0.01 0.718424
0.01 0.24942
0.01 0.100809
0.01 0.129887
0.01 0.641331
0.01 0.992114
0.01 0.0801787
0.01 0.522616
0.01 0.209038
0.01 0.621352
0.01 0.0206118
0.01 0.43237
0.01 0.374548
0.01 0.585615
0.01 0.844331
0.01 0.759678
0.01 0.922283
0.01 0.840587
0.01 0.419929
0.01 0.0133883
0.01 0.801486
0.01 0.983977
0.01 0.00923549
0.01 0.0213529
0.01 0.710324
0.01 0.992475
0.01 0.275501
0.01 0.520941
0.01 0.644025
0.01 0.856332
0.01 0.146364
0.01 0.0223293
0.01 0.70099
0.01 0.853674
0.01 0.460757
0.01 0.544305
0.01 0.535525
0.01 0.630955
0.01 0.708009
0.01 0.0257448
0.01 0.93514
0.01 0.273654
0.01 0.134313
0.01 0.636141
0.01 0.253641
0.01 0.733909
0.01 0.402686
0.01 0.571969
0.01 0.600206
0.01 0.779021
0.01 0.552609
0.01 0.480556
0.01 0.990956
0.01 0.982786
0.01 0.458904
0.01 0.833717
0.01 0.788365
0.01 0.991016
0.01 0.353129
0.01 0.306726
0.01 0.975177
0.01 0.722972
0.01 0.0202946
0.01 0.525184
0.01 0.106341
0.01 0.632564
0.01 0.00676385
0.01 0.0541301
0.01 0.632913
0.01 0.829571
0.01 0.45334
0.01 0.308003
0.01 0.64056
0.01 0.545563
0.01 0.484188
0.01 0.23816
0.01 0.976962
0.01 0.360694
0.01 0.382227
0.01 0.444831
0.01 0.536665
0.01 0.72959
0.01 0.339871
0.01 0.448382
0.01 0.609837
0.01 0.985319
0.01 0.346066
0.01 0.0199628
0.01 0.464775
0.01 0.731109
0.01 0.342402
0.01 0.310605
0.01 0.573216
0.01 0.478683
0.01 0.581337
0.01 0.629777
0.01 0.787544
0.01 0.804361
0.01 0.437187
0.01 0.670518
0.01 0.724189
0.01 0.9804
0.01 0.115353
0.01 0.47221
0.01 0.404789
0.01 0.867128
0.01 0.723771
0.01 0.182674
0.01 0.993907
0.01 0.338085
0.01 0.129534
0.01 0.431959
0.01 0.863723
0.01 0.842651
0.01 0.24298
0.01 0.181073
0.01 0.992223
0.01 0.822271
0.01 0.0203034
0.01 0.43523
0.01 0.291191
0.01 0.869352
0.01 0.0194543
0.01 0.133718
0.01 0.353701
0.01 0.928702
0.01 0.0237895
0.01 0.755063
0.01 0.985075
0.01 0.919536
0.01 0.0169453
0.01 0.0187648
0.01 0.868304
0.01 0.520024
0.01 0.350151
0.01 0.437218
0.01 0.684954
0.01 0.817912
0.01 0.130768
0.01 0.188071
0.01 0.682683
0.01 0.800874
0.01 0.389869
0.01 0.229407
0.01 0.532683
0.01 0.516041
0.01 0.68749
0.01 0.3186
0.01 0.984356
0.01 0.654714
0.01 0.17499
0.01 0.0265059
0.01 0.346444
0.01 0.649237
0.01 0.700006
0.01 0.0642453
0.01 0.811229
0.01 0.192906
0.01 0.410669
0.01 0.182977
0.01 0.739063
0.01 0.573904
0.01 0.418652
0.01 0.347136
0.01 0.705314
0.01 0.486834
0.01 0.128708
0.01 0.57578
0.01 0.966954
0.01 0.9725
0.01 0.116027
0.01 0.752458
0.01 0.230533
0.01 0.864003
0.01 0.731184
0.01 0.0235302
0.01 0.98465
0.01 0.547576
0.01 0.681628
0.01 0.479357
0.01 0.976328
0.01 0.723742
0.01 0.0182654
0.01 0.788472
0.01 0.245955
0.01 0.981731
0.01 0.166797
0.01 0.710869
0.01 0.37203
0.01 0.911698
0.01 0.264747
0.01 0.0230859
0.01 0.372272
0.01 0.118202
0.01 0.564101
0.01 0.343302
0.01 0.986662
0.01 0.679068
0.01 0.289696
0.01 0.483756
0.01 0.449259
0.01 0.769645
0.01 0.285906
0.01 0.581789
0.01 0.429231
0.01 0.830504
0.01 0.00445287
0.01 0.11809
0.01 0.554488
0.01 0.994823
0.01 0.643575
0.01 0.354756
0.01 0.995911
0.01 0.756062
0.01 0.157172
0.01 0.0518009
0.01 0.263402
0.01 0.172378
0.01 0.191876
0.01 0.14156
0.01 0.554548
0.01 0.301054
0.01 0.0912204
0.01 0.301159
0.01 0.987563
0.01 0.808394
0.01 0.489541
0.01 0.348992
0.01 0.587269
0.01 0.437403
0.01 0.218478
0.01 0.235607
0.01 0.567842
0.01 0.704547
0.01 0.618971
0.01 0.287407
0.01 0.781989
0.01 0.576937
0.01 0.801463
0.01 0.0446718
0.01 0.895164
0.01 0.141479
0.01 0.536635
0.01 0.0551203
0.01 0.983509
0.01 0.373439
0.01 0.265102
0.01 0.338533
0.01 0.601393
0.01 0.588499
0.01 0.169165
0.01 0.105002
0.01 0.696429
0.01 0.908481
0.01 0.630428
0.01 0.0892399
0.01 0.863429
0.01 0.274334
0.01 0.270448
0.01 0.517415
0.01 0.474755
0.01 0.652455
0.01 0.00724063
0.01 0.0176003
0.01 0.506791
0.01 0.991822
0.01 0.46946
0.01 0.450583
0.01 0.632304
0.01 0.740399
0.01 0.224021
0.01 0.774797
0.01 0.333222
0.01 0.872592
0.01 0.737854
0.01 0.123606
0.01 0.903297
0.01 0.326901
0.01 0.164221
0.01 0.00860984
0.01 0.599932
0.01 0.774603
0.01 0.662854
0.01 0.149346
0.01 0.983404
0.01 0.476062
0.01 0.10996
0.01 0.0340323
0.01 0.567245
0.01 0.970657
0.01 0.0593912
0.01 0.660406
0.01 0.715674
0.01 0.811673
0.01 0.304778
0.01 0.401348
0.01 0.77776
0.01 0.675722
0.01 0.217643
0.01 0.251529
0.01 0.645836
0.01 0.571839
0.01 0.176639
0.01 0.154977
0.01 0.707228
0.01 0.99687
0.01 0.391603
0.01 0.0358771
0.01 0.509025
0.01 0.407017
0.01 0.603316
0.01 0.154054
0.01 0.809913
0.01 0.3599
0.01 0.582145
0.01 0.374055
0.01 0.807799
0.01 0.572246
0.01 0.166987
0.01 0.211048
0.01 0.729159
0.01 0.427056
0.01 0.324416
0.01 0.160726
0.01 0.752884
0.01 0.850041
0.01 0.0188924
0.01 0.123748
0.01 0.324524
0.01 0.280486
0.01 0.177721
0.01 0.008014
0.01 0.836384
0.01 0.988886
0.01 0.0164726
0.01 0.00337707
0.01 0.437965
0.01 0.998644
0.01 0.136335
0.01 0.343854
0.01 0.228589
0.01 0.435028
0.01 0.114213
0.01 0.354588
0.01 0.573092
0.01 0.654459
0.01 0.0124881
0.01 0.528195
0.01 0.99784
0.01 0.995459
0.01 0.566633
0.01 0.439536
0.01 0.786059
0.01 0.618909
0.01 0.00510584
0.01 0.444778
0.01 0.188446
0.01 0.670126
0.01 0.626511
0.01 0.124615
0.01 0.977826
0.01 0.564699
0.01 0.00213922
0.01 0.424096
0.01 0.978325
0.01 0.552719
0.01 0.683883
0.01 0.245443
0.01 0.979067
0.01 0.56131
0.01 0.710662
0.01 0.606352
0.01 0.819731
0.01 0.961156
0.01 0.00816432
0.01 0.253407
0.01 0.711025
0.01 0.773582
0.01 0.577542
0.01 0.429945
0.01 0.743711
0.01 0.684904
0.01 0.249022
0.01 0.421832
0.01 0.609035
0.01 0.852413
0.01 0.0176474
0.01 0.424423
0.01 0.665121
0.01 0.610496
0.01 0.191284
0.01 0.115128
0.01 0.789312
0.01 0.867806
0.01 0.15026
0.01 0.456073
0.01 0.308626
0.01 0.712182
0.01 0.116993
0.01 0.248834
0.01 0.251875
0.01 0.365493
0.01 0.541061
0.01 0.327335
0.01 0.674297
0.01 0.633153
0.01 0.116626
0.01 0.0238288
0.01 0.739382
0.01 0.990618
0.01 0.016462
0.01 0.620047
0.01 0.183255
0.01 0.776975
0.01 0.291438
0.01 0.434436
0.01 0.986797
0.01 0.648058
0.01 0.722025
0.01 0.37585
0.01 0.985573
0.01 0.53263
0.01 0.129181
0.01 0.73395
0.01 0.681939
0.01 0.964361
0.01 0.0780586
0.01 0.218075
0.01 0.869588
0.01 0.741971
0.01 0.102272
0.01 0.386861
0.01 0.991146
0.01 0.898803
0.01 0.262254
0.01 0.806518
0.01 0.557984
0.01 0.982149
0.01 0.0243322
0.01 0.0218693
0.01 0.989831
0.01 0.384204
0.01 0.107226
0.01 0.414221
0.01 0.293418
0.01 0.575328
0.01 0.387741
0.01 0.622914
0.01 0.837804
0.01 0.973905
0.01 0.585923
0.01 0.380815
0.01 0.889136
0.01 0.784676
0.01 0.458099
0.01 0.388646
0.01 0.600897
0.01 0.625025
0.01 0.00756484
0.01 0.282495
0.01 0.991089
0.01 0.56318
0.01 0.02864
0.01 0.018857
0.01 0.16387
0.01 0.480747
0.01 0.79932
0.01 0.328116
0.01 0.988953
0.01 0.545651
0.01 0.627578
0.01 0.180105
0.01 0.873596
0.01 0.702126
0.01 0.67028
0.01 0.428932
0.01 0.797259
0.01 0.548162
0.01 0.70283
0.01 0.466991
0.01 0.87017
0.01 0.830581
0.01 0.29377
0.01 0.0136983
0.01 0.905652
0.01 0.791273
0.01 0.0419268
0.01 0.170612
0.01 0.419287
0.01 0.478957
0.01 0.822766
0.01 0.710727
0.01 0.997433
0.01 0.984016
0.01 0.491637
0.01 0.500509
0.01 0.970843
0.01 0.784838
0.01 0.423385
0.01 0.179635
0.01 0.620583
0.01 0.38046
0.01 0.34539
0.01 0.330264
0.01 0.740243
0.01 0.982562
0.01 0.031383
0.01 0.00972874
0.01 0.987019
0.01 0.799669
0.01 0.371622
0.01 0.237959
0.01 0.761116
0.01 0.472087
0.01 0.817284
0.01 0.56992
0.01 0.972409
0.01 0.692287
0.01 0.336927
0.01 0.0367644
0.01 0.674535
0.01 0.989165
0.01 0.0955307
0.01 0.177097
0.01 0.222994
0.01 0.436264
0.01 0.0315075
0.01 0.193725
0.01 0.564119
0.01 0.653975
0.01 0.261642
0.01 0.650482
0.01 0.326369
0.01 0.721846
0.01 0.67736
0.01 0.0267855
0.01 0.980136
0.01 0.406261
0.01 0.276791
0.01 0.0377633
0.01 0.982592
0.01 0.698237
0.01 0.0221449
0.01 0.855464
0.01 0.715117
0.01 0.963936
0.01 0.023886
0.01 0.641082
0.01 0.235419
0.01 0.860425
0.01 0.477973
0.01 0.0280999
0.01 0.621134
0.01 0.379839
0.01 0.369367
0.01 0.566679
0.01 0.685395
0.01 0.727336
0.01 0.292011
0.01 0.733053
0.01 0.837609
0.01 0.98523
0.01 0.423862
0.01 0.369836
0.01 0.636806
0.01 0.560354
0.01 0.116961
0.01 0.00713509
0.01 0.370194
0.01 0.169412
0.01 0.637991
0.01 0.497184
0.01 0.731066
0.01 0.598376
0.01 0.539878
0.01 0.397767
0.01 0.727603
0.01 0.551907
0.01 0.0183081
0.01 0.610028
0.01 0.0955376
0.01 0.714421
0.01 0.688268
0.01 0.271415
0.01 0.877803
0.01 0.479503
0.01 0.0197007
0.01 0.694263
0.01 0.517331
0.01 0.793798
0.01 0.00350178
0.01 0.0277897
0.01 0.39398
0.01 0.722999
0.01 0.210652
0.01 0.395943
0.01 0.998377
0.01 0.993201
0.01 0.735479
0.01 0.37445
0.01 0.820335
0.01 0.470172
0.01 0.790062
0.01 0.202009
0.01 0.879932
0.01 0.312528
0.01 0.0950176
0.01 0.0127917
0.01 0.900729
0.01 0.991407
0.01 0.163274
0.01 0.259571
0.01 0.8509
0.01 0.886246
0.01 0.00417032
0.01 0.410362
0.01 0.108127
0.01 0.696557
0.01 0.614581
0.01 0.222023
0.01 0.830431
0.01 0.436314
0.01 0.18284
0.01 0.00776986
0.01 0.972106
0.01 0.612601
0.01 0.0112447
0.01 0.285642
0.01 0.20586
0.01 0.52241
0.01 0.166759
0.01 0.493486
0.01 0.256869
0.01 0.597441
0.01 0.56502
0.01 0.0106612
0.01 0.674497
0.01 0.976149
0.01 0.0394514
0.01 0.00795296
0.01 0.500124
0.01 0.479252
0.01 0.716411
0.01 0.711136
0.01 0.968986
0.01 0.880748
0.01 0.371267
0.01 0.374861
0.01 0.584042
0.01 0.655736
0.01 0.0222434
0.01 0.302638
0.01 0.599698
0.01 0.756048
0.01 0.361634
0.01 0.0398949
0.01 0.870943
0.01 0.892004
0.01 0.170842
0.01 0.00869475
0.01 0.985128
0.01 0.983208
0.01 0.412673
0.01 0.150039
0.01 0.843746
0.01 0.509671
0.01 0.377834
0.01 0.557087
0.01 0.502011
0.01 0.67669
0.01 0.0684524
0.01 0.798635
0.01 0.852158
0.01 0.971633
0.01 0.00967775
0.01 0.482981
0.01 0.48068
0.01 0.797224
0.01 0.147749
0.01 0.165876
0.01 0.270938
0.01 0.52616
0.01 0.826214
0.01 0.462203
0.01 0.959176
0.01 0.578985
0.01 0.434608
0.01 0.414146
0.01 0.991132
0.01 0.981222
0.01 0.342668
0.01 0.141487
0.01 0.888477
0.01 0.996624
0.01 0.156643
0.01 0.313384
0.01 0.463787
0.01 0.481574
0.01 0.440649
0.01 0.731343
0.01 0.53343
0.01 0.824481
0.01 0.157837
0.01 0.504143
0.01 0.61765
0.01 0.958171
0.01 0.233949
0.01 0.324529
0.01 0.722924
0.01 0.523597
0.01 0.145725
0.01 0.142636
0.01 0.454549
0.01 0.566488
0.01 0.360133
0.01 0.712403
0.01 0.582882
0.01 0.912319
0.01 0.316427
0.01 0.189605
0.01 0.431326
0.01 0.305474
0.01 0.36759
0.01 0.346435
0.01 0.694855
0.01 0.729918
0.01 0.618781
0.01 0.427779
0.01 0.718914
0.01 0.570495
0.01 0.746998
0.01 0.346445
0.01 0.89359
0.01 0.560416
0.01 0.0221523
0.01 0.404016
0.01 0.166335
0.01 0.81481
0.01 0.461749
0.01 0.100176
0.01 0.996376
0.01 0.819237
0.01 0.562321
0.01 0.733231
0.01 0.730835
0.01 0.939549
0.01 0.324003
0.01 0.254913
0.01 0.99554
0.01 0.905971
0.01 0.44598
0.01 0.671886
0.01 0.764665
0.01 0.814885
0.01 0.229477
0.01 0.226034
0.01 0.862778
0.01 0.983256
0.01 0.00748787
0.01 0.00598503
0.01 0.78592
0.01 0.60668
0.01 0.404108
0.01 0.0208414
0.01 0.904082
0.01 0.311246
0.01 0.13817
0.01 0.573127
0.01 0.30046
0.01 0.78488
0.01 0.510536
0.01 0.445425
0.01 0.98555
0.01 0.719908
0.01 0.00582233
0.01 0.312432
0.01 0.98053
0.01 0.987127
0.01 0.265348
0.01 0.454427
0.01 0.348911
0.01 0.534126
0.01 0.628206
0.01 0.0367202
0.01 0.764934
0.01 0.359188
0.01 0.0033252
0.01 0.299503
0.01 0.109652
0.01 0.893577
0.01 0.00838421
0.01 0.418279
0.01 0.530159
0.01 0.672575
0.01 0.241882
0.01 0.376575
0.01 0.345548
0.01 0.468264
0.01 0.387079
0.01 0.511566
0.01 0.620322
0.01 0.670008
0.01 0.868903
0.01 0.481629
0.01 0.995467
0.01 0.825615
0.01 0.00860909
0.01 0.488351
0.01 0.785236
0.01 0.681723
0.01 0.338974
0.01 0.285991
0.01 0.951202
0.01 0.994773
0.01 0.30226
0.01 0.473038
0.01 0.993433
0.01 0.880099
0.01 0.465627
0.01 0.436628
0.01 0.744736
0.01 0.584024
0.01 0.0289409
0.01 0.621722
0.01 0.968186
0.01 0.74384
0.01 0.523284
0.01 0.055528
0.01 0.765954
0.01 0.589605
0.01 0.464856
0.01 0.0283766
0.01 0.618666
0.01 0.738619
0.01 0.848422
0.01 0.26849
0.01 0.994761
0.01 0.605497
0.01 0.322331
0.01 0.0110407
0.01 0.447331
0.01 0.989609
0.01 0.142483
0.01 0.280156
0.01 0.285037
0.01 0.648383
0.01 0.0220664
0.01 0.683751
0.01 0.457086
0.01 0.995703
0.01 0.292239
0.01 0.226606
0.01 0.891341
0.01 0.779041
0.01 0.177684
0.01 0.576406
0.01 0.944379
0.01 0.799887
0.01 0.0252719
0.01 0.391951
0.01 0.196981
0.01 0.98764
0.01 0.213968
0.01 0.0138045
0.01 0.632731
0.01 0.987232
0.01 0.0236021
0.01 0.0309657
0.01 0.342383
0.01 0.409757
0.01 0.657491
0.01 0.606913
0.01 0.975525
0.01 0.990263
0.01 0.185538
0.01 0.266148
0.01 0.510102
0.01 0.608117
0.01 0.546661
0.01 0.181263
0.01 0.781311
0.01 0.816946
0.01 0.36193
0.01 0.566279
0.01 0.685622
0.01 0.944115
0.01 0.212934
0.01 0.416831
0.01 0.744452
0.01 0.809725
0.01 0.154021
0.01 0.392344
0.01 0.258151
0.01 0.524568
0.01 0.391344
0.01 0.183577
0.01 0.540053
0.01 0.747827
0.01 0.431501
0.01 0.451256
0.01 0.654282
0.01 0.664185
0.01 0.28359
0.01 0.70679
0.01 0.48768
0.01 0.978738
0.01 0.131882
0.01 0.311348
0.01 0.483626
0.01 0.874882
0.01 0.312726
0.01 0.647888
0.01 0.734116
0.01 0.987183
0.01 0.638476
0.01 0.885753
0.01 0.752899
0.01 0.982698
0.01 0.138299
0.01 0.119542
0.01 0.99316
0.01 0.638973
0.01 0.491043
0.01 0.60838
0.01 0.67793
0.01 0.799147
0.01 0.260886
0.01 0.267503
0.01 0.40651
0.01 0.558662
0.01 0.345001
0.01 0.427049
0.01 0.847783
0.01 0.984501
0.01 0.00165153
0.01 0.0858195
0.01 0.591169
0.01 0.90691
0.01 0.232646
0.01 0.183068
0.01 0.397313
0.01 0.783468
0.01 0.512672
0.01 0.337984
0.01 0.83605
0.01 0.487244
0.01 0.4593
0.01 0.246735
0.01 0.981061
0.01 0.75977
0.01 0.311331
0.01 0.785695
0.01 0.425185
0.01 0.903354
0.01 0.319023
0.01 0.302235
0.01 0.797567
0.01 0.4033
0.01 0.432993
0.01 0.121733
0.01 0.881583
0.01 0.946374
0.01 0.00315025
0.01 0.0043478
0.01 0.99555
0.01 0.998633
0.01 0.00163182
0.01 0.396628
0.01 0.887445
0.01 0.90831
0.01 0.112899
0.01 0.271288
0.01 0.956182
0.01 0.992759
0.01 0.385491
0.01 0.791458
0.01 0.698097
0.01 0.906985
0.01 0.20877
0.01 0.723218
0.01 0.460745
0.01 0.879596
0.01 0.473196
0.01 0.415246
0.01 0.673268
0.01 0.590144
0.01 0.460131
0.01 0.696143
0.01 0.639738
0.01 0.915767
0.01 0.0215209
0.01 0.0171775
0.01 0.978355
0.01 0.670346
0.01 0.180627
0.01 0.325434
0.01 0.375406
0.01 0.514876
0.01 0.77065
0.01 0.476026
0.01 0.928709
0.01 0.755847
0.01 0.310908
0.01 0.0907228
0.01 0.605804
0.01 0.645905
0.01 0.173018
0.01 0.12767
0.01 0.741072
0.01 0.649399
0.01 0.220921
0.01 0.80228
0.01 0.431052
0.01 0.984763
0.01 0.167098
0.01 0.176562
0.01 0.866495
0.01 0.818122
0.01 0.15439
0.01 0.204211
0.01 0.78293
0.01 0.956411
0.01 0.00994891
0.01 0.0248503
0.01 0.809257
0.01 0.775179
0.01 0.0031351
0.01 0.295628
0.01 0.366725
0.01 0.646686
0.01 0.511118
0.01 0.37095
0.01 0.878245
0.01 0.691242
0.01 0.725193
0.01 0.483146
0.01 0.977351
0.01 0.993453
0.01 0.335194
0.01 0.372717
0.01 0.436755
0.01 0.491785
0.01 0.366215
0.01 0.00838526
0.01 0.599078
0.01 0.19154
0.01 0.43131
0.01 0.206643
0.01 0.991419
0.01 0.98887
0.01 0.403466
0.01 0.486019
0.01 0.542496
0.01 0.865484
0.01 0.418162
0.01 0.34864
0.01 0.798805
0.01 0.68619
0.01 0.469506
0.01 0.124605
0.01 0.692912
0.01 0.320701
0.01 0.612821
0.01 0.664637
0.01 0.767431
0.01 0.991585
0.01 0.0510747
0.01 0.483214
0.01 0.268582
0.01 0.713407
0.01 0.463941
0.01 0.308113
0.01 0.993006
0.01 0.90876
0.01 0.642502
0.01 0.440535
0.01 0.78474
0.01 0.775344
0.01 0.357306
0.01 0.0123624
0.01 0.475265
0.01 0.119691
0.01 0.208196
0.01 0.683543
0.01 0.345899
0.01 0.983787
0.01 0.00865787
0.01 0.391256
0.01 0.776723
0.01 0.989831
0.01 0.158389
0.01 0.01622
0.01 0.482916
0.01 0.978701
0.01 0.255255
0.01 0.0501334
0.01 0.472074
0.01 0.523441
0.01 0.248058
0.01 0.42872
0.01 0.392624
0.01 0.834084
0.01 0.0735184
0.01 0.0182884
0.01 0.995446
0.01 0.993337
0.01 0.213248
0.01 0.86193
0.01 0.331357
0.01 0.984353
0.01 0.478962
0.01 0.442699
0.01 0.566183
0.01 0.52888
0.01 0.153288
0.01 0.69282
0.01 0.533904
0.01 0.992065
0.01 0.116374
0.01 0.843982
0.01 0.238873
0.01 0.976646
0.01 0.170551
0.01 0.00333143
0.01 0.297845
0.01 0.939829
0.01 0.0102606
0.01 0.720563
0.01 0.23527
0.01 0.897779
0.01 0.607369
0.01 0.393809
0.01 0.996645
0.01 0.693224
0.01 0.00600583
0.01 0.241246
0.01 0.651093
0.01 0.976579
0.01 0.0119968
0.01 0.439924
0.01 0.987072
0.01 0.763549
0.01 0.756384
0.01 0.464487
0.01 0.98478
0.01 0.635495
0.01 0.279391
0.01 0.0209666
0.01 0.515607
0.01 0.877498
0.01 0.00292565
0.01 0.00535291
0.01 0.421415
0.01 0.899709
0.01 0.357996
0.01 0.279792
0.01 0.423657
0.01 0.362869
0.01 0.236051
0.01 0.382653
0.01 0.520984
0.01 0.669927
0.01 0.488966
0.01 0.619482
0.01 0.62121
0.01 0.985813
0.01 0.189475
0.01 0.16046
0.01 0.875386
0.01 0.653159
0.01 0.0112535
0.01 0.43481
0.01 0.995072
0.01 0.962775
0.01 0.416565
0.01 0.570957
0.01 0.779611
0.01 0.735526
0.01 0.0703611
0.01 0.195206
0.01 0.303392
0.01 0.995032
0.01 0.158216
0.01 0.390678
0.01 0.348147
0.01 0.636535
0.01 0.0214353
0.01 0.392235
0.01 0.767421
0.01 0.805019
0.01 0.869405
0.01 0.280586
0.01 0.967348
0.01 0.369865
0.01 0.185508
0.01 0.18027
0.01 0.56487
0.01 0.975701
0.01 0.0269748
0.01 0.731492
0.01 0.596635
0.01 0.971578
0.01 0.250959
0.01 0.327463
0.01 0.981109
0.01 0.990175
0.01 0.777962
0.01 0.229091
0.01 0.988089
0.01 0.96334
0.01 0.141929
0.01 0.163855
0.01 0.975208
0.01 0.986615
0.01 0.160271
0.01 0.428153
0.01 0.417615
0.01 0.990599
0.01 0.00571931
0.01 0.537495
0.01 0.456318
0.01 0.980942
0.01 0.208935
0.01 0.538588
0.01 0.401961
0.01 0.751874
0.01 0.380222
0.01 0.156593
0.01 0.972877
0.01 0.620995
0.01 0.0125907
0.01 0.136693
0.01 0.699726
0.01 0.806027
0.01 0.843475
0.01 0.363413
0.01 0.951645
0.01 0.459998
0.01 0.0135546
0.01 0.500871
0.01 0.928054
0.01 0.99191
0.01 0.876334
0.01 0.0155825
0.01 0.980958
0.01 0.112539
0.01 0.670531
0.01 0.0189492
0.01 0.986427
0.01 0.982439
0.01 0.0118121
0.01 0.258311
0.01 0.988054
0.01 0.411455
0.01 0.255965
0.01 0.157155
0.01 0.379776
0.01 0.991582
0.01 0.784147
0.01 0.0273294
0.01 0.952729
0.01 0.681597
0.01 0.0204392
0.01 0.342966
0.01 0.38239
0.01 0.723288
0.01 0.0192269
0.01 0.508306
0.01 0.84958
0.01 0.767255
0.01 0.256986
0.01 0.252417
0.01 0.991605
0.01 0.730478
0.01 0.265761
0.01 0.0123218
0.01 0.531863
0.01 0.259753
0.01 0.63958
0.01 0.431804
0.01 0.854691
0.01 0.983294
0.01 0.827312
0.01 0.578872
0.01 0.98983
0.01 0.792035
0.01 0.345226
0.01 0.519054
0.01 0.584282
0.01 0.734377
0.01 0.206583
0.01 0.515139
0.01 0.304182
0.01 0.958869
0.01 0.599802
0.01 0.108354
0.01 0.717543
0.01 0.211495
0.01 0.180195
0.01 0.394799
0.01 0.754124
0.01 0.974603
0.01 0.548938
0.01 0.466892
0.01 0.895944
0.01 0.627528
0.01 0.369484
0.01 0.250195
0.01 0.510186
0.01 0.416545
0.01 0.169453
0.01 0.400137
0.01 0.896303
0.01 0.993511
0.01 0.434314
0.01 0.852593
0.01 0.601455
0.01 0.985539
0.01 0.0255122
0.01 0.299036
0.01 0.751511
0.01 0.924526
0.01 0.487031
0.01 0.237939
0.01 0.765469
0.01 0.411059
0.01 0.0267965
0.01 0.122679
0.01 0.215366
0.01 0.339909
0.01 0.880777
0.01 0.171037
0.01 0.982461
0.01 0.281757
0.01 0.262487
0.01 0.679253
0.01 0.671232
0.01 0.957949
0.01 0.234357
0.01 0.407189
0.01 0.386311
0.01 0.719317
0.01 0.138505
0.01 0.590526
0.01 0.399088
0.01 0.719005
0.01 0.640276
0.01 0.579081
0.01 0.761967
0.01 0.675259
0.01 0.400461
0.01 0.446993
0.01 0.472234
0.01 0.539035
0.01 0.0062182
0.01 0.034297
0.01 0.542465
0.01 0.758886
0.01 0.356609
0.01 0.53214
0.01 0.432334
0.01 0.610833
0.01 0.00630569
0.01 0.16033
0.01 0.837085
0.01 0.983007
0.01 0.0293315
0.01 0.310162
0.01 0.402575
0.01 0.444694
0.01 0.00876924
0.01 0.0219374
0.01 0.272688
0.01 0.942713
0.01 0.678089
0.01 0.846674
0.01 0.973401
0.01 0.991085
0.01 0.508615
0.01 0.784946
0.01 0.624054
0.01 0.895843
0.01 0.403915
0.01 0.305999
0.01 0.988659
0.01 0.555778
0.01 0.471832
0.01 0.316213
0.01 0.594794
0.01 0.705746
0.01 0.489097
0.01 0.304249
0.01 0.863247
0.01 0.810106
0.01 0.718961
0.01 0.535329
0.01 0.832652
0.01 0.632324
0.01 0.344906
0.01 0.0770553
0.01 0.483568
0.01 0.21333
0.01 0.618401
0.01 0.232066
0.01 0.720581
0.01 0.355678
0.01 0.210199
0.01 0.490441
0.01 0.99284
0.01 0.989526
0.01 0.103563
0.01 0.0483012
0.01 0.481442
0.01 0.774165
0.01 0.0518127
0.01 0.391185
0.01 0.18649
0.01 0.500663
0.01 0.00629707
0.01 0.0683771
0.01 0.986365
0.01 0.991618
0.01 0.21711
0.01 0.00708734
0.01 0.662374
0.01 0.179367
0.01 0.441597
0.01 0.0222115
0.01 0.565113
0.01 0.976494
0.01 0.756614
0.01 0.432127
0.01 0.889238
0.01 0.546408
0.01 0.312269
0.01 0.112046
0.01 0.807519
0.01 0.778145
0.01 0.515677
0.01 0.546985
0.01 0.98931
0.01 0.860988
0.01 0.0428564
0.01 0.144781
0.01 0.54433
0.01 0.449127
0.01 0.498849
0.01 0.346064
0.01 0.992998
0.01 0.587422
0.01 0.416133
0.01 0.633212
0.01 0.506877
0.01 0.734892
0.01 0.491608
0.01 0.23762
0.01 0.601424
0.01 0.351351
0.01 0.0173147
0.01 0.0195845
0.01 0.59203
0.01 0.213063
0.01 0.00533433
0.01 0.231955
0.01 0.126873
0.01 0.648046
0.01 0.893708
0.01 0.150908
0.01 0.979252
0.01 0.590624
0.01 0.406511
0.01 0.0134592
0.01 0.986741
0.01 0.77145
0.01 0.288961
0.01 0.310377
0.01 0.61362
0.01 0.737226
0.01 0.701238
0.01 0.619427
0.01 0.808705
0.01 0.715724
0.01 0.32053
0.01 0.52572
0.01 0.98421
0.01 0.98261
0.01 0.1087
0.01 0.457411
0.01 0.977735
0.01 0.992507
0.01 0.0290509
0.01 0.155909
0.01 0.447793
0.01 0.995784
0.01 0.11329
0.01 0.264785
0.01 0.644653
0.01 0.974908
0.01 0.243299
0.01 0.396227
0.01 0.404482
0.01 0.578406
0.01 0.350297
0.01 0.21072
0.01 0.991908
0.01 0.988246
0.01 0.700442
0.01 0.28621
0.01 0.812111
0.01 0.387246
0.01 0.00977285
0.01 0.122986
0.01 0.996012
0.01 0.990981
0.01 0.453717
0.01 0.53528
0.01 0.558319
0.01 0.758707
0.01 0.0133536
0.01 0.0294028
0.01 0.191625
0.01 0.278817
0.01 0.305659
0.01 0.167308
0.01 0.550666
0.01 0.375152
0.01 0.375846
0.01 0.505082
0.01 0.756473
0.01 0.623699
0.01 0.0311677
0.01 0.894529
0.01 0.99368
0.01 0.986977
0.01 0.837625
0.01 0.0491774
0.01 0.970656
0.01 0.821448
0.01 0.550143
0.01 0.168055
0.01 0.668586
0.01 0.290469
0.01 0.184777
0.01 0.324099
0.01 0.995512
0.01 0.896459
0.01 0.488376
0.01 0.51025
0.01 0.766097
0.01 0.670042
0.01 0.270101
0.01 0.287296
0.01 0.390103
0.01 0.410471
0.01 0.682517
0.01 0.174832
0.01 0.784173
0.01 0.28225
0.01 0.0108565
0.01 0.0108906
0.01 0.918745
0.01 0.987554
0.01 0.531889
0.01 0.130774
0.01 0.990167
0.01 0.727997
0.01 0.0700455
0.01 0.24857
0.01 0.835918
0.01 0.516024
0.01 0.326594
0.01 0.112539
0.01 0.690942
0.01 0.241301
0.01 0.276445
0.01 0.256689
0.01 0.686504
0.01 0.959796
0.01 0.818833
0.01 0.271023
0.01 0.932811
0.01 0.760036
0.01 0.774308
0.01 0.260218
0.01 0.915519
0.01 0.560085
0.01 0.00872816
0.01 0.190301
0.01 0.187439
0.01 0.388943
0.01 0.230233
0.01 0.0177724
0.01 0.770967
0.01 0.288915
0.01 0.656513
0.01 0.397512
0.01 0.868181
0.01 0.589908
0.01 0.646023
0.01 0.0290498
0.01 0.762026
0.01 0.740589
0.01 0.00587807
0.01 0.27579
0.01 0.736811
0.01 0.656515
0.01 0.903705
0.01 0.661287
0.01 0.984782
0.01 0.750765
0.01 0.336045
0.01 0.181384
0.01 0.956866
0.01 0.406462
0.01 0.487104
0.01 0.00969867
0.01 0.981549
0.01 0.668495
0.01 0.317373
0.01 0.641956
0.01 0.553101
0.01 0.806928
0.01 0.0467453
0.01 0.0301431
0.01 0.476586
0.01 0.326276
0.01 0.124233
0.01 0.277997
0.01 0.754673
0.01 0.706063
0.01 0.843531
0.01 0.234086
0.01 0.992209
0.01 0.527981
0.01 0.0418678
0.01 0.592402
0.01 0.709946
0.01 0.988366
0.01 0.0148943
0.01 0.522218
0.01 0.469486
0.01 0.627866
0.01 0.454294
0.01 0.271236
0.01 0.843099
0.01 0.66388
0.01 0.300957
0.01 0.341859
0.01 0.535093
0.01 0.858691
0.01 0.0105708
0.01 0.32412
0.01 0.687887
0.01 0.987175
0.01 0.550495
0.01 0.442175
0.01 0.672015
0.01 0.737573
0.01 0.298832
0.01 0.260488
0.01 0.850083
0.01 0.527753
0.01 0.893018
0.01 0.383182
0.01 0.998529
0.01 0.71818
0.01 0.568533
0.01 0.537532
0.01 0.831115
0.01 0.719788
0.01 0.0196325
0.01 0.683099
0.01 0.17502
0.01 0.978968
0.01 0.86218
0.01 0.714585
0.01 0.991965
0.01 0.86748
0.01 0.00677796
0.01 0.201893
0.01 0.473927
0.01 0.562165
0.01 0.00919433
0.01 0.447979
0.01 0.545907
0.01 0.965526
0.01 0.195787
0.01 0.741614
0.01 0.590645
0.01 0.868896
0.01 0.0120206
0.01 0.251682
0.01 0.559677
0.01 0.864162
0.01 0.558269
0.01 0.874417
0.01 0.637208
0.01 0.956536
0.01 0.304019
0.01 0.347477
0.01 0.518026
0.01 0.533311
0.01 0.359515
0.01 0.026831
0.01 0.987904
0.01 0.612652
0.01 0.864623
0.01 0.805429
0.01 0.991751
0.01 0.96136
0.01 0.443186
0.01 0.0140065
0.01 0.638139
0.01 0.224152
0.01 0.333172
0.01 0.377818
0.01 0.997234
0.01 0.974817
0.01 0.659809
0.01 0.0135159
0.01 0.747264
0.01 0.508726
0.01 0.00548052
0.01 0.484373
0.01 0.79967
0.01 0.975671
0.01 0.0226313
0.01 0.369999
0.01 0.642562
0.01 0.877305
0.01 0.00858825
0.01 0.257919
0.01 0.986492
0.01 0.746137
0.01 0.105645
0.01 0.228677
0.01 0.463391
0.01 0.34815
0.01 0.00815178
0.01 0.217021
0.01 0.994364
0.01 0.858352
0.01 0.558395
0.01 0.424164
0.01 0.935918
0.01 0.534274
0.01 0.742374
0.01 0.776101
0.01 0.880583
0.01 0.935541
0.01 0.0287458
0.01 0.52026
0.01 0.407494
0.01 0.747951
0.01 0.245039
0.01 0.549663
0.01 0.626648
0.01 0.69218
0.01 0.306573
0.01 0.0877072
0.01 0.757244
0.01 0.400784
0.01 0.00763479
0.01 0.190831
0.01 0.588185
0.01 0.990567
0.01 0.115279
0.01 0.113459
0.01 0.28191
0.01 0.298266
0.01 0.00816354
0.01 0.170331
0.01 0.965781
0.01 0.640129
0.01 0.465557
0.01 0.259962
0.01 0.687842
0.01 0.461737
0.01 0.00111323
0.01 0.012768
0.01 0.680391
0.01 0.535923
0.01 0.191594
0.01 0.167897
0.01 0.600144
0.01 0.501575
0.01 0.00512511
0.01 0.18012
0.01 0.816226
0.01 0.745611
0.01 0.567592
0.01 0.529336
0.01 0.988368
0.01 0.632514
0.01 0.361364
0.01 0.229883
0.01 0.667937
0.01 0.350073
0.01 0.0230068
0.01 0.449195
0.01 0.668887
0.01 0.986356
0.01 0.160453
0.01 0.351676
0.01 0.993384
0.01 0.783073
0.01 0.664767
0.01 0.668747
0.01 0.847857
0.01 0.87447
0.01 0.493021
0.01 0.621886
0.01 0.85803
0.01 0.738068
0.01 0.512028
0.01 0.387683
0.01 0.790003
0.01 0.810434
0.01 0.249593
0.01 0.325418
0.01 0.705226
0.01 0.656228
0.01 0.639757
0.01 0.779156
0.01 0.846836
0.01 0.992617
0.01 0.0171454
0.01 0.146725
0.01 0.114712
0.01 0.270421
0.01 0.566592
0.01 0.375296
0.01 0.656123
0.01 0.461684
0.01 0.304701
0.01 0.347123
0.01 0.868177
0.01 0.884893
0.01 0.55809
0.01 0.302906
0.01 0.740466
0.01 0.739536
0.01 0.203447
0.01 0.544929
0.01 0.749029
0.01 0.771841
0.01 0.293169
0.01 0.393351
0.01 0.663945
0.01 0.706633
0.01 0.432221
0.01 0.511264
0.01 0.725117
0.01 0.978071
0.01 0.0144292
0.01 0.559734
0.01 0.167928
0.01 0.956392
0.01 0.539373
0.01 0.149705
0.01 0.712784
0.01 0.426214
0.01 0.499817
0.01 0.48166
0.01 0.846621
0.01 0.83091
0.01 0.577762
0.01 0.24473
0.01 0.861096
0.01 0.613565
0.01 0.416528
0.01 0.438657
0.01 0.620785
0.01 0.587435
0.01 0.417504
0.01 0.423846
0.01 0.808328
0.01 0.739779
0.01 0.403852
0.01 0.00849364
0.01 0.959254
0.01 0.974145
0.01 0.455546
0.01 0.0225351
0.01 0.753241
0.01 0.174498
0.01 0.21611
0.01 0.403951
0.01 0.567585
0.01 0.754514
0.01 0.718619
0.01 0.596519
0.01 0.978525
0.01 0.765697
0.01 0.130663
0.01 0.577136
0.01 0.411131
0.01 0.984933
0.01 0.620102
0.01 0.694882
0.01 0.722653
0.01 0.802702
0.01 0.0171657
0.01 0.287547
0.01 0.161945
0.01 0.441424
0.01 0.532834
0.01 0.35871
0.01 0.697705
0.01 0.846264
0.01 0.350293
0.01 0.0146526
0.01 0.981714
0.01 0.436841
0.01 0.290396
0.01 0.552457
0.01 0.504157
0.01 0.745825
0.01 0.0171161
0.01 0.682741
0.01 0.35384
0.01 0.861852
0.01 0.0231077
0.01 0.573233
0.01 0.281634
0.01 0.721743
0.01 0.361821
0.01 0.311788
0.01 0.888657
0.01 0.594064
0.01 0.121003
0.01 0.232907
0.01 0.988263
0.01 0.706646
0.01 0.326773
0.01 0.885474
0.01 0.453395
0.01 0.988584
0.01 0.109945
0.01 0.0351813
0.01 0.987811
0.01 0.897463
0.01 0.240083
0.01 0.158976
0.01 0.780691
0.01 0.995376
0.01 0.337323
0.01 0.471544
0.01 0.556826
0.01 0.648926
0.01 0.267303
0.01 0.251592
0.01 0.491928
0.01 0.414084
0.01 0.682998
0.01 0.140366
0.01 0.837465
0.01 0.563883
0.01 0.266162
0.01 0.00570279
0.01 0.722077
0.01 0.67588
0.01 0.10957
0.01 0.279947
0.01 0.750775
0.01 0.999335
0.01 0.29443
0.01 0.0879452
0.01 0.792512
0.01 0.985232
0.01 0.78527
0.01 0.596332
0.01 0.881186
0.01 0.700225
0.01 0.289046
0.01 0.104933
0.01 0.397686
0.01 0.216886
0.01 0.0357228
0.01 0.267593
0.01 0.122227
0.01 0.356397
0.01 0.012947
0.01 0.871046
0.01 0.126934
0.01 0.988417
0.01 0.575673
0.01 0.136885
0.01 0.986658
0.01 0.975992
0.01 0.00168744
0.01 0.235035
0.01 0.284435
0.01 0.731717
0.01 0.102155
0.01 0.660322
0.01 0.181275
0.01 0.748877
0.01 0.618561
0.01 0.0248107
0.01 0.976169
0.01 0.775377
0.01 0.181469
0.01 0.0386719
0.01 0.569126
0.01 0.425572
0.01 0.00252976
0.01 0.194985
0.01 0.167661
0.01 0.496197
0.01 0.833191
0.01 0.596823
0.01 0.986901
0.01 0.949742
0.01 0.793091
0.01 0.508935
0.01 0.874655
0.01 0.593904
0.01 0.00868052
0.01 0.647163
0.01 0.984554
0.01 0.992569
0.01 0.588402
0.01 0.499588
0.01 0.71681
0.01 0.934702
0.01 0.469413
0.01 0.409128
0.01 0.9728
0.01 0.860366
0.01 0.174393
0.01 0.0323274
0.01 0.967588
0.01 0.474948
0.01 0.507513
0.01 0.0658189
0.01 0.836488
0.01 0.427973
0.01 0.254988
0.01 0.852273
0.01 0.824247
0.01 0.955159
0.01 0.42012
0.01 0.161854
0.01 0.541254
0.01 0.432487
0.01 0.599883
0.01 0.60913
0.01 0.998431
0.01 0.920077
0.01 0.510764
0.01 0.412517
0.01 0.710494
0.01 0.649637
0.01 0.0172108
0.01 0.00885775
0.01 0.133684
0.01 0.115783
0.01 0.00880284
0.01 0.525962
0.01 0.303689
0.01 0.984805
0.01 0.414251
0.01 0.434024
0.01 0.905057
0.01 0.713096
0.01 0.18693
0.01 0.611942
0.01 0.523378
0.01 0.809099
0.01 0.177323
0.01 0.00572971
0.01 0.848027
0.01 0.687352
0.01 0.71904
0.01 0.376757
0.01 0.989067
0.01 0.867185
0.01 0.00290757
0.01 0.311554
0.01 0.85815
0.01 0.682803
0.01 0.00585701
0.01 0.0837212
0.01 0.996638
0.01 0.886899
0.01 0.342752
0.01 0.737001
0.01 0.433949
0.01 0.813458
0.01 0.0738774
0.01 0.0889013
0.01 0.981197
0.01 0.220446
0.01 0.549552
0.01 0.863426
0.01 0.867959
0.01 0.996416
0.01 0.47615
0.01 0.373984
0.01 0.654192
0.01 0.985958
0.01 0.123726
0.01 0.0874857
0.01 0.868582
0.01 0.781583
0.01 0.0379099
0.01 0.897107
0.01 0.31259
0.01 0.994754
0.01 0.0126852
0.01 0.00997879
0.01 0.994182
0.01 0.904506
0.01 0.765083
0.01 0.77892
0.01 0.96527
0.01 0.979762
0.01 0.736097
0.01 0.705031
0.01 0.824083
0.01 0.78792
0.01 0.00359793
0.01 0.00990919
0.01 0.996319
0.01 0.956997
0.01 0.317367
0.01 0.760084
0.01 0.989903
0.01 0.924486
0.01 0.536406
0.01 0.209348
0.01 0.982565
0.01 0.869489
0.01 0.407254
0.01 0.465514
0.01 0.531732
0.01 0.58612
0.01 0.0508115
0.01 0.595905
0.01 0.857504
0.01 0.986044
0.01 0.157974
0.01 0.470541
0.01 0.666418
0.01 0.748639
0.01 0.0114297
0.01 0.776275
0.01 0.111218
0.01 0.92263
0.01 0.523453
0.01 0.355673
0.01 0.854533
0.01 0.973302
0.01 0.118958
0.01 0.0190626
0.01 0.752264
0.01 0.705393
0.01 0.101202
0.01 0.250506
0.01 0.308763
0.01 0.484056
0.01 0.554691
0.01 0.643735
0.01 0.986794
0.01 0.769393
0.01 0.11612
0.01 0.181329
0.01 0.214726
0.01 0.269379
0.01 0.449688
0.01 0.756199
0.01 0.650541
0.01 0.984084
0.01 0.00268276
0.01 0.300781
0.01 0.283757
0.01 0.858868
0.01 0.389034
0.01 0.342524
0.01 0.616607
0.01 0.827008
0.01 0.432132
0.01 0.0258085
0.01 0.552754
0.01 0.146871
0.01 0.576087
0.01 0.701512
0.01 0.977947
0.01 0.991773
0.01 0.481064
0.01 0.520878
0.01 0.6564
0.01 0.631601
0.01 0.00604555
0.01 0.133904
0.01 0.902626
0.01 0.902525
0.01 0.514156
0.01 0.0112226
0.01 0.974309
0.01 0.995555
0.01 0.0138711
0.01 0.396666
0.01 0.107374
0.01 0.506613
0.01 0.533589
0.01 0.211891
0.01 0.989323
0.01 0.51385
0.01 0.0106387
0.01 0.206618
0.01 0.187526
0.01 0.963174
0.01 0.0141721
0.01 0.529927
0.01 0.368692
0.01 0.85368
0.01 0.544649
0.01 0.472236
0.01 0.628585
0.01 0.580978
0.01 0.878391
0.01 0.0488996
0.01 0.973958
0.01 0.428004
0.01 0.263562
0.01 0.230565
0.01 0.800562
0.01 0.694461
0.01 0.0330602
0.01 0.837645
0.01 0.481511
0.01 0.984196
0.01 0.0231506
0.01 0.0801293
0.01 0.163334
0.01 0.219343
0.01 0.194297
0.01 0.107324
0.01 0.385177
0.01 0.300679
0.01 0.677907
0.01 0.372973
0.01 0.970132
0.01 0.994814
0.01 0.669756
0.01 0.535279
0.01 0.883719
0.01 0.73107
0.01 0.71456
0.01 0.444837
0.01 0.88788
0.01 0.685372
0.01 0.908829
0.01 0.496374
0.01 0.987401
0.01 0.595879
0.01 0.336509
0.01 0.522005
0.01 0.981722
0.01 0.725484
0.01 0.33115
0.01 0.0901683
0.01 0.508163
0.01 0.301053
0.01 0.0253624
0.01 0.0502235
0.01 0.532182
0.01 0.599163
0.01 0.510709
0.01 0.204686
0.01 0.682523
0.01 0.996619
0.01 0.302408
0.01 0.591277
0.01 0.629874
0.01 0.989452
0.01 0.149638
0.01 0.898133
0.01 0.545395
0.01 0.989159
0.01 0.344085
0.01 0.119902
0.01 0.992033
0.01 0.793072
0.01 0.791949
0.01 0.670651
0.01 0.979495
0.01 0.843479
0.01 0.00384281
0.01 0.209841
0.01 0.991221
0.01 0.984406
0.01 0.00289783
0.01 0.22414
0.01 0.44098
0.01 0.796547
0.01 0.74431
0.01 0.276772
0.01 0.985988
0.01 0.461425
0.01 0.298215
0.01 0.243672
0.01 0.618107
0.01 0.641148
0.01 0.0308503
0.01 0.0237969
0.01 0.762268
0.01 0.332525
0.01 0.622124
0.01 0.324265
0.01 0.977046
0.01 0.450905
0.01 0.0118448
0.01 0.204992
0.01 0.701666
0.01 0.398364
0.01 0.00565128
0.01 0.192853
0.01 0.352652
0.01 0.575764
0.01 0.477519
0.01 0.228937
0.01 0.624585
0.01 0.502876
0.01 0.272614
0.01 0.0231665
0.01 0.977438
0.01 0.988741
0.01 0.485266
0.01 0.183161
0.01 0.796416
0.01 0.315436
0.01 0.0197775
0.01 0.602443
0.01 0.523872
0.01 0.867332
0.01 0.105235
0.01 0.194559
0.01 0.327308
0.01 0.369179
0.01 0.289339
0.01 0.36111
0.01 0.994034
0.01 0.826264
0.01 0.00873953
0.01 0.244826
0.01 0.278303
0.01 0.418684
0.01 0.0101463
0.01 0.343612
0.01 0.49967
0.01 0.547453
0.01 0.141162
0.01 0.67315
0.01 0.32988
0.01 0.84543
0.01 0.300582
0.01 0.309382
0.01 0.444701
0.01 0.738638
0.01 0.260446
0.01 0.499365
0.01 0.37809
0.01 0.635523
0.01 0.623183
0.01 0.319453
0.01 0.767209
0.01 0.442812
0.01 0.399953
0.01 0.01662
0.01 0.803734
0.01 0.718754
0.01 0.193725
0.01 0.460028
0.01 0.470222
0.01 0.620586
0.01 0.0345023
0.01 0.345641
0.01 0.28928
0.01 0.521813
